id,FT0000,FT0001,FT0002,FT0003,FT0004,FT0005,FT0006,FT0007,FT0008,FT0009
7e79f1a9cb10504dd2fc569d84f2a346,0.005885,0.005885,0.005884,0.005884,0.005885,0.005883,0.005883,0.005884,0.947042,0.005886
4a2f52a31466509462042dacd3d66de7,0.050000,0.050000,0.050000,0.050000,0.050000,0.050000,0.050000,0.050000,0.550000,0.050000
f22f6ec19360a7bcc7e0f6c76912c88b,0.490890,0.006253,0.165297,0.006250,0.006252,0.006251,0.006251,0.300054,0.006252,0.006251
6382e9933644b1751511264ec8194ef5,0.002565,0.002565,0.002565,0.002564,0.066572,0.002564,0.002564,0.392209,0.523267,0.002564
638c2f2961777b10009d7fdebae561bc,0.010001,0.010004,0.010005,0.010000,0.519956,0.010001,0.010001,0.400028,0.010001,0.010002
fdd2536131a3fa4add42174bd06a44a9,0.002174,0.002174,0.002174,0.315615,0.002174,0.002174,0.666992,0.002174,0.002174,0.002174
96f671e208c0b3fa2c16bd75d2a2c623,0.963996,0.004000,0.004001,0.004000,0.004001,0.004001,0.004000,0.004000,0.004000,0.004000
e61ab803407cfa8089f30e98ec25e7ff,0.004762,0.004762,0.004762,0.004762,0.427188,0.460353,0.079124,0.004762,0.004762,0.004762
c5721a893d7f281142d8072106677b69,0.003572,0.003572,0.003572,0.967856,0.003572,0.003572,0.003572,0.003572,0.003572,0.003572
c046e0825a0514c069bc9324bea3c0c8,0.016672,0.016670,0.349039,0.016667,0.016669,0.016668,0.016674,0.517602,0.016669,0.016670
d53220af27428bfec4de2f6a2201cb5d,0.001923,0.001923,0.001923,0.001923,0.001923,0.001923,0.982691,0.001923,0.001923,0.001923
99afaf8df3fbda5c1555b7428368192e,0.485315,0.000479,0.121108,0.072278,0.046518,0.000479,0.000479,0.272388,0.000479,0.000479
c4286223103f8eb6a63778aa53aaeda0,0.004348,0.960867,0.004348,0.004348,0.004348,0.004348,0.004348,0.004348,0.004348,0.004348
b4a163208a8f677aa35f363922f78a87,0.003030,0.003030,0.003030,0.972726,0.003031,0.003030,0.003031,0.003030,0.003030,0.003030
6f023f18cf62802daa33560078722d71,0.003125,0.003125,0.003125,0.971874,0.003125,0.003125,0.003125,0.003125,0.003125,0.003125
f1219276b600fd58368320fea58124a3,0.012502,0.887473,0.012502,0.012510,0.012504,0.012500,0.012501,0.012503,0.012503,0.012502
1bd6ecbeb790631e368bf2bbd9d65fc0,0.323480,0.003704,0.003705,0.135814,0.333353,0.003704,0.003705,0.185125,0.003705,0.003706
13012b421b80ee961ae98f0dc6dabf70,0.003226,0.003226,0.003226,0.970966,0.003226,0.003226,0.003226,0.003226,0.003226,0.003226
9ab3310679019597edeb0a7817e91d6b,0.020001,0.020000,0.020000,0.220000,0.020000,0.020000,0.020001,0.020000,0.619997,0.020000
fbbb27a6c006e413ffd11f7b8cfa05bf,0.025000,0.025001,0.275002,0.025000,0.025000,0.025000,0.263976,0.286021,0.025000,0.025000
5db6a74cc9a70f7bed21dbaccefb2bc6,0.002381,0.002381,0.002381,0.002382,0.978567,0.002381,0.002382,0.002381,0.002381,0.002381
215c2b210defaa96c82aa7fc914b3aa3,0.589370,0.000834,0.061397,0.034048,0.000833,0.153432,0.000834,0.157586,0.000833,0.000833
bbc5bb42d232a12c1c4a36d19ea3edc3,0.003847,0.003848,0.572746,0.003847,0.003847,0.003847,0.003847,0.396479,0.003846,0.003847
5cc2990d426cb95ed5196c84b764719e,0.976313,0.002632,0.002632,0.002632,0.002632,0.002632,0.002632,0.002632,0.002632,0.002632
04eb42ef3e9d0fc01d0d92b9b8553c98,0.009091,0.009091,0.009091,0.009091,0.009091,0.190906,0.009091,0.009091,0.736365,0.009093
38f735db0957f82fa85a3c489e1a2f48,0.492332,0.003572,0.003572,0.003573,0.423873,0.058789,0.003572,0.003573,0.003572,0.003572
78ebb5ecfad4253875e79be72890671e,0.016669,0.016667,0.516639,0.350000,0.016667,0.016667,0.016668,0.016671,0.016667,0.016685
fa057a10cab66291f75325a615a49022,0.002041,0.002041,0.002041,0.027976,0.002041,0.002041,0.002041,0.002041,0.002041,0.955696
7a9edcb72e9324646036b61eb8bca34e,0.011115,0.011112,0.011113,0.180040,0.011112,0.011112,0.011114,0.011114,0.011111,0.731056
7953cb8c862e491e814ff879c6b15d70,0.050000,0.050000,0.050000,0.050000,0.050000,0.050000,0.050000,0.050000,0.550000,0.050000
fb55098867b9ca9e700e98d01132440b,0.002174,0.002174,0.002174,0.320254,0.002174,0.002174,0.662353,0.002174,0.002174,0.002174
c8ed583f577be835622691017a4510ac,0.002084,0.002084,0.002084,0.183755,0.002084,0.002083,0.447756,0.353904,0.002084,0.002084
6ba02759b7b6b1a9d63e52cdb987790f,0.002041,0.002041,0.002041,0.027976,0.002041,0.002041,0.002041,0.002041,0.002041,0.955697
4ec81e7c61d37a22e6312c46f6470d0b,0.001667,0.001667,0.984998,0.001667,0.001667,0.001667,0.001667,0.001667,0.001667,0.001667
8b5272272cd2f0c14a87ea80aee687b4,0.050000,0.050000,0.050000,0.050000,0.050000,0.050000,0.050000,0.050000,0.550000,0.050000
599200400fb7c5daa538790980080878,0.005883,0.820778,0.132157,0.005886,0.005883,0.005883,0.005884,0.005883,0.005882,0.005883
c67fcbd8cd0713809df3d2fe3335471f,0.050000,0.050000,0.550000,0.050000,0.050000,0.050000,0.050000,0.050000,0.050000,0.050000
4aec1e509de877a3096de291dc7f9233,0.007143,0.007143,0.007143,0.007144,0.007143,0.007143,0.007144,0.007143,0.935709,0.007143
f622b49d195f8965b1e98af823f93fac,0.003572,0.003572,0.003572,0.967856,0.003572,0.003572,0.003572,0.003572,0.003572,0.003572
19c7a886601c8285b7b3e3a3432f909a,0.003031,0.003031,0.003031,0.939117,0.003031,0.003030,0.003030,0.003031,0.003030,0.036637
3be96871d2b33fe1e657e5a9d21d098f,0.003030,0.003030,0.003030,0.937984,0.003030,0.003031,0.037772,0.003030,0.003030,0.003030
c9f28a68a28d9de071592a9a48b0773f,0.003572,0.003572,0.003572,0.003572,0.003572,0.830511,0.003572,0.003572,0.003572,0.140916
11f8689394e4182e414d04b077271dd6,0.003449,0.003449,0.003449,0.003449,0.003450,0.003449,0.003449,0.003449,0.968959,0.003449
9c63d1b3a539b205abadab3201694fae,0.002703,0.002703,0.176550,0.002703,0.002703,0.002703,0.002703,0.002703,0.002703,0.801824
112f0151041efbb1618df1a528c0eb25,0.001923,0.001923,0.001923,0.001923,0.001923,0.001923,0.982691,0.001923,0.001923,0.001923
756f2b67d05f8955da2d60063d683969,0.261662,0.003227,0.003226,0.003226,0.003226,0.003227,0.063421,0.003226,0.227697,0.427861
0090bd168e80e08b19eff82d2610ce33,0.003125,0.003125,0.003125,0.971874,0.003125,0.003125,0.003125,0.003125,0.003125,0.003125
64a58812d02366049f33602229d954f6,0.050000,0.050000,0.050000,0.050000,0.050000,0.050000,0.050000,0.050000,0.550000,0.050000
30b551ca6d1c9928f54d6fabebd02f7e,0.004002,0.004002,0.004001,0.004000,0.004001,0.004000,0.004001,0.004002,0.472434,0.495557
cae6e0ba534910bb4305f0e435f744d8,0.000617,0.000617,0.000617,0.060900,0.876716,0.000617,0.058062,0.000617,0.000617,0.000618
f2eafbeced124848beaed2a2aa27dc69,0.002128,0.002128,0.002128,0.304146,0.002128,0.002128,0.678832,0.002128,0.002128,0.002128
17bbc976b6b594d2fe787202d1137dc5,0.460664,0.007145,0.007144,0.007147,0.007144,0.007143,0.007147,0.263788,0.007143,0.225536
4043b985896e6027c63d63f3a2501369,0.014286,0.014288,0.014286,0.110493,0.518617,0.014287,0.014286,0.014287,0.270885,0.014286
a81f0f2c98d9e04edf1fa969804eb959,0.003704,0.003704,0.003704,0.966665,0.003704,0.003704,0.003704,0.003704,0.003704,0.003704
5c455fe660e0181e43e4f0f275572478,0.006251,0.943745,0.006250,0.006250,0.006251,0.006250,0.006251,0.006251,0.006251,0.006250
7ee8c989c92508d9cc4a2c3a51c936e2,0.622245,0.025005,0.025008,0.025000,0.025008,0.025000,0.177719,0.025005,0.025000,0.025009
95a199d6f600b23cc82b62ecbd415649,0.003031,0.918286,0.003031,0.003031,0.003031,0.003031,0.003031,0.003031,0.003031,0.057465
f88c5ee7f24bc3e1832a527d345482e7,0.050000,0.050000,0.050000,0.050000,0.050000,0.050000,0.050000,0.050000,0.550000,0.050000
92ff01085e9d9ed7650e867519ee68e9,0.003334,0.003334,0.003334,0.003334,0.003333,0.969997,0.003334,0.003334,0.003333,0.003334
d8cac42120608d40a22c87060e80c616,0.005000,0.732590,0.227409,0.005000,0.005000,0.005000,0.005000,0.005000,0.005000,0.005000
8a79f5dd0b16fcb83b477746e43bccc0,0.002174,0.002174,0.002174,0.313990,0.002174,0.002174,0.668617,0.002174,0.002174,0.002174
7bab8da0536d5da5d0cb4e0475c96a85,0.003572,0.003572,0.003572,0.967856,0.003572,0.003572,0.003572,0.003572,0.003572,0.003572
c503a849c9b9fbb1f65d81ceb4f9290a,0.003704,0.003704,0.003704,0.966665,0.003704,0.003704,0.003704,0.003704,0.003704,0.003704
0841be7870a97ab267e70bc2df53d813,0.012501,0.012500,0.887494,0.012501,0.012500,0.012501,0.012501,0.012501,0.012500,0.012501
929963713e25ec7147250f7ea4821713,0.003226,0.003226,0.003226,0.003226,0.003226,0.850578,0.003226,0.003226,0.003226,0.123614
f172cd47f6156e3c6f9c19998ac7e433,0.011114,0.011112,0.011113,0.011112,0.011114,0.011111,0.011113,0.778361,0.011111,0.132740
d885f9d925bdfde3aece4a436a37522e,0.812645,0.120678,0.008335,0.008334,0.008335,0.008334,0.008335,0.008336,0.008334,0.008334
6ee3439a16b69b86eff8450ae4ba5a38,0.890940,0.001010,0.001010,0.001010,0.001010,0.001010,0.001010,0.100977,0.001010,0.001010
cbc78c0c838e37400475da7638aa5574,0.003125,0.003125,0.003125,0.971874,0.003125,0.003125,0.003125,0.003125,0.003125,0.003125
08b39ca5d72a8bb04c9e0b12f0ea7f06,0.002501,0.121076,0.002501,0.002501,0.002501,0.002500,0.163845,0.697574,0.002501,0.002500
0729a4c365c90f37f1d1f68ff4bdb405,0.007694,0.007694,0.007693,0.007694,0.007694,0.007693,0.007693,0.007694,0.930754,0.007697
9153befcd18397dbaf91679ff2605c1c,0.014286,0.014286,0.014286,0.014286,0.014286,0.014286,0.014286,0.014286,0.871428,0.014286
4a23f54e4f849c0414b8a2975d0864ce,0.003572,0.003572,0.003572,0.967856,0.003572,0.003572,0.003572,0.003572,0.003572,0.003572
54ca27b37fbf7b7fb1574b5f3967a94f,0.001563,0.001563,0.001563,0.001563,0.122738,0.001563,0.450896,0.198319,0.001563,0.218671
0f295f777d765bfb0b6a34494db559c6,0.002942,0.002942,0.002942,0.002941,0.002942,0.002942,0.973524,0.002942,0.002942,0.002941
035dc881381ca26513b043a47eb48712,0.003125,0.003125,0.003125,0.971873,0.003125,0.003125,0.003125,0.003125,0.003125,0.003125
3ec56014e00288a8c251ce1f05917aeb,0.050000,0.050000,0.050000,0.050000,0.050000,0.050000,0.050000,0.050000,0.550000,0.050000
1ed2fb3e17f5d6ca7e7f13ac4938a4ac,0.002941,0.002941,0.002941,0.973528,0.002941,0.002941,0.002941,0.002941,0.002941,0.002941
fe53480e070977c4a5262190c3368073,0.001282,0.001282,0.001282,0.001282,0.988459,0.001282,0.001282,0.001282,0.001283,0.001282
b5657e5e4dbbd3e22e96ec2205feda9d,0.989154,0.001205,0.001205,0.001205,0.001205,0.001205,0.001205,0.001205,0.001205,0.001205
49368712d4275b73954b98899e123d7b,0.050000,0.050000,0.050000,0.050000,0.050000,0.050000,0.050000,0.050000,0.550000,0.050000
7672922bdbf70e57daecc5b3ead7236f,0.012501,0.012501,0.012502,0.012501,0.012502,0.012500,0.012502,0.887490,0.012500,0.012501
7e9e95ee5e32da176faafc12f9e5d937,0.003030,0.003030,0.003030,0.972726,0.003030,0.003030,0.003030,0.003030,0.003030,0.003030
d21dd405463e5b422e068c666cb3e72e,0.001852,0.001852,0.001852,0.001852,0.001852,0.001852,0.983332,0.001852,0.001852,0.001852
48484f20899f417be81cbed20c5aa2f5,0.979065,0.002326,0.002326,0.002326,0.002326,0.002326,0.002326,0.002326,0.002326,0.002326
fc6de18fd10c601f75c6c9abd7b53b6e,0.003125,0.003125,0.003125,0.971874,0.003125,0.003125,0.003125,0.003125,0.003125,0.003125
5789bf2cd93e68842435a0cc146d05e9,0.002174,0.002174,0.002174,0.002174,0.247025,0.002174,0.615770,0.121986,0.002174,0.002174
2d8e94a44fcbbd5fc0bf474da2aa5379,0.025004,0.025000,0.025004,0.025004,0.025003,0.025002,0.025002,0.774975,0.025004,0.025002
8d07b797e18aea9f98c9bc46c40949a9,0.003704,0.003704,0.003704,0.966665,0.003704,0.003704,0.003704,0.003704,0.003704,0.003704
569bd4e05f1fd20ef98ac916e908eb98,0.025005,0.025001,0.025003,0.025000,0.025008,0.025000,0.025004,0.774976,0.025001,0.025002
5febdf994a2d9158cc935a9dfff4b42a,0.979065,0.002326,0.002326,0.002326,0.002326,0.002326,0.002326,0.002326,0.002326,0.002326
df2d41ebba0da3febb54ad363f42cff5,0.014287,0.014288,0.014286,0.014286,0.014287,0.014286,0.014287,0.871421,0.014287,0.014286
e95090f3681d5ef6a5caa73269db337c,0.050000,0.050000,0.050000,0.050000,0.050000,0.050000,0.050000,0.050000,0.550000,0.050000
ef60b51a17979b28dce4d4f6f26add4c,0.747765,0.009093,0.009093,0.009094,0.009093,0.179491,0.009094,0.009094,0.009092,0.009092
b25aa1b49e7e7a5e1628981e5f15b477,0.003031,0.003031,0.003031,0.003031,0.003031,0.003031,0.003031,0.003031,0.003031,0.972723
e88571900db3333cb7c425b7b373366f,0.966657,0.003704,0.003705,0.003706,0.003704,0.003705,0.003705,0.003705,0.003705,0.003704
c85abfed8947cfb8a03a54b66c64913e,0.003449,0.968959,0.003449,0.003449,0.003449,0.003449,0.003449,0.003449,0.003449,0.003449
0f47ec565eaa808dbdbc2d75be9135d2,0.785312,0.000419,0.000419,0.000418,0.000419,0.000418,0.000419,0.211340,0.000418,0.000418
f39772c166e0343f1c5f0dfe5828db35,0.002778,0.974995,0.002778,0.002779,0.002778,0.002778,0.002778,0.002778,0.002778,0.002779
06bfb16d6f356abdae609c92dcc394b2,0.336711,0.007693,0.007693,0.007694,0.537656,0.007693,0.007693,0.071780,0.007694,0.007694
9c242e2c46617917373d895d0dc04136,0.183331,0.016667,0.016667,0.016667,0.683336,0.016667,0.016667,0.016667,0.016667,0.016667
aa5484fe30ce76f38ec5c500da71d6c1,0.009092,0.009091,0.009092,0.009094,0.009092,0.009091,0.009093,0.699281,0.227983,0.009091
595c80b2ae38787a3f1d75c790fa4133,0.007143,0.007143,0.007143,0.007144,0.007143,0.007143,0.007144,0.007143,0.935709,0.007143
60b50b600ec3f8a1c3a0714bb6f6f14d,0.003031,0.003030,0.003031,0.003031,0.003031,0.003031,0.003031,0.261813,0.003031,0.713941
6bf8a83e3f11a0724d7680bfea8dd2ec,0.003572,0.003572,0.003572,0.967856,0.003572,0.003572,0.003572,0.003572,0.003572,0.003572
a1d842108aef150fcc8909210caae3f1,0.001299,0.001299,0.001299,0.001299,0.001299,0.001299,0.001299,0.001299,0.001299,0.988309
7c061a96ce1bff2255f3e755c75ad97f,0.774958,0.025010,0.025005,0.025000,0.025005,0.025000,0.025000,0.025000,0.025021,0.025001
1cce806b12727422d799fd60a3381b0d,0.003704,0.003704,0.003704,0.966665,0.003704,0.003704,0.003704,0.003704,0.003704,0.003704
82e40cab680f0ab8f62fcc3e06bfa52a,0.003334,0.003334,0.003334,0.003334,0.003334,0.887429,0.003335,0.003334,0.003334,0.085898
6722c352323890208daa74cb5f79ac09,0.003704,0.003704,0.003704,0.966665,0.003704,0.003704,0.003704,0.003704,0.003704,0.003704
5e04e3f6f4830f7c6659b6d3a66b12a2,0.050000,0.050000,0.050000,0.050000,0.050000,0.050000,0.050000,0.050000,0.550000,0.050000
9f7be3821549a84dbc71778962936527,0.001923,0.001923,0.001923,0.001923,0.001923,0.001923,0.982691,0.001923,0.001923,0.001923
628f9e45bec4c8744fb62dfb9ac4cc0d,0.005556,0.005556,0.005556,0.061752,0.005556,0.005556,0.116807,0.782548,0.005556,0.005557
e4ee77a01273cfd824d8d8c956251121,0.004349,0.004349,0.485017,0.004351,0.004349,0.004348,0.004350,0.480189,0.004349,0.004350
b24631de5551c1ebf1139ab0546a5f52,0.025000,0.025000,0.025000,0.025009,0.025000,0.025000,0.274991,0.025000,0.525000,0.025000
aa3130df638c4b210034302950dfc4ec,0.002041,0.002041,0.002041,0.002041,0.002041,0.043384,0.940285,0.002041,0.002041,0.002042
f87f0e35763c33b4a81251467d8988e9,0.050000,0.050000,0.050000,0.050000,0.050000,0.050000,0.050000,0.050000,0.550000,0.050000
09ce96fd1d01a6f215d422c1e939defc,0.007143,0.007143,0.007143,0.007143,0.007143,0.935712,0.007143,0.007143,0.007143,0.007143
80e934bd0b548acd188aa5506baaba35,0.003572,0.003572,0.003572,0.967856,0.003572,0.003572,0.003572,0.003572,0.003572,0.003572
f6a0ec8d61f441644078031b7467dbdb,0.003572,0.003572,0.003572,0.882673,0.003572,0.003572,0.003572,0.088754,0.003572,0.003572
75fb415b1fe1ebce1f5781db0206b0a4,0.025000,0.025000,0.025000,0.274995,0.025000,0.025000,0.025000,0.025000,0.525005,0.025000
4a84083bb53496e0d4fe3bbc9ff4ad71,0.317574,0.001755,0.096842,0.101323,0.001755,0.001755,0.001755,0.001755,0.172602,0.302885
43804878e7e61877a64d7cd3eea8edc9,0.020001,0.020000,0.020000,0.020008,0.020000,0.020000,0.020001,0.020000,0.819990,0.020000
f5cf2802477bad9184220b664c5bd046,0.003572,0.003572,0.003572,0.967856,0.003572,0.003572,0.003572,0.003572,0.003572,0.003572
46508fef6c6b133449716654f871a205,0.003031,0.003034,0.003031,0.972722,0.003030,0.003030,0.003031,0.003031,0.003030,0.003030
044c87cec644cc3fab231ef6bd481306,0.274352,0.694869,0.003847,0.003848,0.003847,0.003847,0.003848,0.003847,0.003847,0.003847
b798b66207a92fea2bd2eea90fae856e,0.003572,0.003572,0.003572,0.967856,0.003572,0.003572,0.003572,0.003572,0.003572,0.003572
4113fbec314a67191824d132ae3767ed,0.003449,0.003448,0.003448,0.003449,0.003448,0.968964,0.003448,0.003448,0.003448,0.003449
75ca5929edd58a62d057c79eaa2f9340,0.003031,0.844540,0.131214,0.003031,0.003030,0.003030,0.003030,0.003030,0.003031,0.003031
5158c7dba6c316399766c431f9aeaeeb,0.003448,0.003448,0.003449,0.968963,0.003448,0.003448,0.003448,0.003448,0.003448,0.003449
3316d1c1811644242587e308bcddb74a,0.003226,0.003226,0.003226,0.935382,0.003226,0.003226,0.003226,0.003227,0.038809,0.003226
4c73e88da3fe16f0ae7c76766ef1c36c,0.025000,0.025000,0.025000,0.025000,0.025000,0.025000,0.025000,0.274998,0.525002,0.025000
a11b938d00965fdac3f6453987c69bcf,0.003572,0.003572,0.003572,0.967856,0.003572,0.003572,0.003572,0.003572,0.003572,0.003572
0277fb83583dc6285c99384aab40f919,0.003572,0.003572,0.003572,0.967856,0.003572,0.003572,0.003572,0.003572,0.003572,0.003572
308eaee1ba7b0762e3386bb2c8fe5845,0.003572,0.003572,0.003572,0.967856,0.003572,0.003572,0.003572,0.003572,0.003572,0.003572
f0a9be8fe127e81bb246e0a9cc1bbada,0.003572,0.003572,0.003572,0.967856,0.003572,0.003572,0.003572,0.003572,0.003572,0.003572
29cb13d72dba0e92549c14b03c352def,0.011113,0.603124,0.011112,0.011112,0.011112,0.011112,0.307975,0.011113,0.011114,0.011113
f95a13c35a25d2393875e0cec3326e43,0.003226,0.003227,0.003226,0.003226,0.003226,0.896222,0.003226,0.077967,0.003226,0.003227
0e9493cd0867905f3df6823e2ca167af,0.503470,0.002858,0.002858,0.002857,0.002858,0.002858,0.190025,0.217612,0.002857,0.071747
e49a6d5fdb71100c9ecd4e64e1de00d9,0.935703,0.007144,0.007144,0.007145,0.007144,0.007143,0.007144,0.007145,0.007145,0.007143
aa5eeba4655577b12a9c2e289f8253ac,0.020004,0.020006,0.020009,0.020004,0.020008,0.020005,0.020005,0.020007,0.819950,0.020003
a72546f220cb22bc675542ea8fe4e51d,0.001389,0.001389,0.096752,0.001389,0.001389,0.001389,0.001389,0.892135,0.001389,0.001389
241df151c39c14eb81e0a91dfb393591,0.002942,0.002941,0.002941,0.973527,0.002941,0.002941,0.002941,0.002942,0.002941,0.002941
2d7e2048b910c23ba7fd855cf887abbf,0.239492,0.383636,0.012501,0.012500,0.012501,0.012502,0.012500,0.184728,0.117140,0.012500
55ce9f2bd343a94380a67b07d71d50e6,0.002502,0.002500,0.002500,0.002500,0.002501,0.002501,0.002501,0.977493,0.002501,0.002500
ff3822d61b91baf347e74173525d144d,0.025003,0.025000,0.025000,0.025000,0.025000,0.025000,0.025000,0.274996,0.525001,0.025000
11db4296d196f7b9799d9a2d16753f66,0.559284,0.001588,0.001588,0.001588,0.001588,0.053015,0.001588,0.376587,0.001588,0.001588
1030f6f091fb6bfac7cd78cfe6523f42,0.003449,0.003449,0.003449,0.003449,0.003449,0.902700,0.003449,0.069708,0.003449,0.003449
c223127e6cae1cdac304625849034341,0.003125,0.003125,0.003125,0.971874,0.003125,0.003125,0.003125,0.003125,0.003125,0.003125
40d0758db9adaedd6a963c9c589b95ca,0.003572,0.003572,0.003572,0.928463,0.003572,0.042964,0.003572,0.003572,0.003572,0.003572
8905f2d17341b0dfaf84a6e3deaf7299,0.950156,0.002222,0.002222,0.002222,0.002222,0.002222,0.002223,0.032065,0.002223,0.002223
58994245b1323580e55ec068025b8672,0.002941,0.002941,0.002941,0.973528,0.002941,0.002941,0.002941,0.002941,0.002941,0.002941
f0241cd537e20ea18f5c5c22d292aef3,0.002326,0.002326,0.002326,0.054974,0.061089,0.108917,0.002326,0.761064,0.002326,0.002326
26c0029ed1b2801ce91fdae51f7673b2,0.005556,0.774190,0.181365,0.005556,0.005556,0.005556,0.005556,0.005556,0.005556,0.005556
4750cce56473b02558ff1b031007472b,0.012500,0.012501,0.012501,0.012507,0.012501,0.181741,0.012500,0.012501,0.718248,0.012500
bdebb4085a05971ce0d3ce99198f67f9,0.003846,0.829604,0.096647,0.003846,0.003846,0.046825,0.003846,0.003846,0.003846,0.003847
b6ba4029b500ff7f86619e2ac5d23b47,0.003030,0.003030,0.003030,0.938820,0.003030,0.036936,0.003030,0.003030,0.003030,0.003030
d7d5b1fb05b6a305214354e9bbdc481b,0.020004,0.489638,0.020001,0.020003,0.020001,0.350337,0.020001,0.020013,0.020001,0.020002
57304529ee9ff2d2b411e72999b6b01f,0.003704,0.003704,0.003704,0.966665,0.003704,0.003704,0.003704,0.003704,0.003704,0.003704
495edab07cbce04da7857cb8f9d31741,0.001695,0.167986,0.001695,0.072958,0.001695,0.194872,0.001695,0.351602,0.204106,0.001696
72ec852354b4c1a938575a8c6808a53f,0.050000,0.050000,0.050000,0.050000,0.050000,0.050000,0.050000,0.050000,0.550000,0.050000
3e7022873ce81598b4f838fd48d96546,0.002942,0.002942,0.002942,0.002941,0.002942,0.973525,0.002941,0.002942,0.002941,0.002941
b6c6f21fc5f3e48ee1c45eeac01eeaf2,0.003572,0.003572,0.003572,0.967856,0.003572,0.003572,0.003572,0.003572,0.003572,0.003572
5066873dfe0fc701a0d2bb0b615b69ef,0.001852,0.001852,0.001852,0.001852,0.001852,0.001852,0.983332,0.001852,0.001852,0.001852
890aa16bc10b320c9b4f9cbb9f593a8a,0.003572,0.003572,0.003572,0.967856,0.003572,0.003572,0.003572,0.003572,0.003572,0.003572
40f7fb41991e2383eeb952f0bc9e900e,0.003572,0.003574,0.003572,0.003572,0.003572,0.967853,0.003572,0.003572,0.003572,0.003572
2e2dd205910524b1a3004b514e8dcda6,0.050000,0.050000,0.050000,0.050000,0.050000,0.050000,0.050000,0.050000,0.550000,0.050000
2a6b4e49e28f51bd19ca503e2ed66617,0.025000,0.275000,0.025000,0.025000,0.025000,0.025000,0.025000,0.025000,0.525000,0.025000
8dd0d249bcc55d432faed9a0107dffd7,0.002858,0.002858,0.002858,0.002858,0.002858,0.002857,0.002858,0.974281,0.002857,0.002858
2d6ce8ce8a708eddee751f751b3877dc,0.591568,0.012501,0.012500,0.012500,0.012501,0.142867,0.178060,0.012502,0.012500,0.012500
2d65d2aa720f7a48d915d4edc63b638d,0.020003,0.020000,0.020002,0.020000,0.219985,0.420010,0.020007,0.020001,0.219992,0.020000
6ea330addcb92c04956cb387e103830b,0.009094,0.567382,0.009093,0.009093,0.009093,0.009093,0.359874,0.009093,0.009092,0.009094
ead22c302b817fa9e86af98a44bf04dc,0.533691,0.010001,0.010002,0.010000,0.010001,0.010002,0.235288,0.010004,0.161007,0.010002
409832b43af3c53ff780969464f108ba,0.177462,0.001724,0.001724,0.001724,0.001724,0.001724,0.001724,0.808743,0.001724,0.001724
cd03fa0b5e6be144a0581d2c5d39007c,0.141001,0.012501,0.012501,0.012508,0.012502,0.012502,0.012500,0.012501,0.758984,0.012500
8dc7b29e2e57d079837c36a627960e65,0.971107,0.001150,0.001150,0.019696,0.001150,0.001150,0.001150,0.001150,0.001150,0.001150
163fef32f48bd9a3d2e2c2aefe80a804,0.003226,0.003226,0.003226,0.003226,0.003226,0.970966,0.003226,0.003226,0.003226,0.003226
c48f39c830a62c836d7e30c026a0c9e2,0.025009,0.025000,0.524994,0.025000,0.025000,0.025000,0.025000,0.025003,0.274994,0.025000
ae905fc0cd5c7e394a51c7250b831c7b,0.003572,0.003572,0.003572,0.967856,0.003572,0.003572,0.003572,0.003572,0.003572,0.003572
78c65e8b865d9298843cb1f2c429c25f,0.002857,0.002857,0.002858,0.002858,0.002858,0.002858,0.002858,0.002857,0.002857,0.974282
7de78f9189fab901aeb4c056f2dc7d00,0.002175,0.002174,0.786882,0.195722,0.002175,0.002174,0.002175,0.002174,0.002175,0.002174
f580d4c627d49002e46f8fef634817d4,0.963996,0.004000,0.004001,0.004000,0.004001,0.004001,0.004000,0.004000,0.004000,0.004000
b852bae7b59cd26379e362c0e5e945a5,0.004763,0.004762,0.004762,0.004763,0.333763,0.628138,0.004763,0.004762,0.004762,0.004763
4ac5ee022dc6b37b3997b3b59c06e38d,0.004546,0.004546,0.959088,0.004546,0.004546,0.004546,0.004546,0.004546,0.004546,0.004546
5e1c099b16264c93b78c1e7e82dfa280,0.003334,0.003333,0.003334,0.003334,0.003334,0.969998,0.003334,0.003334,0.003333,0.003334
53370d43fe46cc560e39c5feb0547b4a,0.030523,0.000991,0.961554,0.000990,0.000990,0.000990,0.000990,0.000990,0.000990,0.000990
179da2721bda873f0f9bd0a54683b5a8,0.003449,0.003448,0.003449,0.003449,0.003449,0.968961,0.003450,0.003449,0.003448,0.003449
b6208bc5b6c72a400e00426e00beb66f,0.003449,0.003449,0.003449,0.003449,0.082837,0.889571,0.003449,0.003449,0.003449,0.003449
0cca3a34a450de9de604e0df275c6b67,0.002942,0.002941,0.002943,0.973526,0.002941,0.002941,0.002941,0.002942,0.002941,0.002941
b9756b685136a16dcaa49040a99233e9,0.020001,0.020000,0.020000,0.020000,0.020002,0.020000,0.255239,0.020000,0.584759,0.020000
d07f6844c1709c0310fd00260068571d,0.481667,0.005001,0.005001,0.005000,0.005001,0.478328,0.005001,0.005001,0.005001,0.005001
7757a05926aa2961a62e02e698413f81,0.471874,0.002174,0.002175,0.002175,0.002174,0.052143,0.460760,0.002175,0.002175,0.002175
533f38936f8ee26dd6499c6f5e1cc8f6,0.001429,0.001429,0.001429,0.001429,0.987141,0.001429,0.001429,0.001429,0.001429,0.001429
6cff90b9dfaa2d76daac15857bd029c8,0.003572,0.003572,0.003572,0.967856,0.003572,0.003572,0.003572,0.003572,0.003572,0.003572
62171c1bf91bf30e5451ec279597399d,0.003572,0.003572,0.003572,0.967856,0.003572,0.003572,0.003572,0.003572,0.003572,0.003572
7b6e2b16348167fa3d15b00755f33aa8,0.003226,0.003226,0.003226,0.970966,0.003226,0.003226,0.003226,0.003226,0.003226,0.003226
368c0e4b025431e3779028408fa895ac,0.002858,0.002858,0.002858,0.874657,0.002858,0.002858,0.002858,0.002858,0.002857,0.102482
c510696b95c8d250a244f6041e55a304,0.009094,0.357208,0.009091,0.009092,0.009094,0.009091,0.210204,0.368941,0.009092,0.009092
ba99ad6ce23cb0b923786f64aa500049,0.003449,0.003449,0.003449,0.003449,0.003449,0.003449,0.003449,0.003449,0.003449,0.968960
2fa20e8e7be115731df283c8871e9ad1,0.050000,0.050000,0.050000,0.050000,0.050000,0.050000,0.050000,0.050000,0.550000,0.050000
69c2293acf264df621d67b3175de068b,0.983016,0.001887,0.001887,0.001887,0.001887,0.001887,0.001888,0.001887,0.001887,0.001887
ca742c3cc4a8567ff59d267b73c4ae81,0.991964,0.000893,0.000893,0.000893,0.000893,0.000893,0.000893,0.000893,0.000893,0.000893
4bf1748c0be5393c0cb9100a96b713ef,0.002941,0.002941,0.002941,0.973528,0.002941,0.002941,0.002941,0.002942,0.002941,0.002941
ca31e62d7a6c62d1eeccc43c7cc6c5dd,0.025002,0.025001,0.025003,0.025003,0.774983,0.025000,0.025002,0.025003,0.025001,0.025001
7ae3f3a5fc550b85f082ecade5d8f9f6,0.979997,0.002222,0.002222,0.002222,0.002223,0.002222,0.002224,0.002223,0.002223,0.002223
a705fe73f0d66f3902116aa1c08c7a23,0.169993,0.058996,0.005265,0.005264,0.333016,0.005265,0.139661,0.005264,0.272010,0.005264
48deeee4e6dd0f7c8efcc9ea8bd428d5,0.001852,0.001852,0.001852,0.001852,0.001852,0.001852,0.983332,0.001852,0.001852,0.001852
ecdb64abea515ea4ba4b116517908d88,0.003572,0.003572,0.003572,0.967856,0.003572,0.003572,0.003572,0.003572,0.003572,0.003572
aa2ecc86d45114894e4e09adc3edbe92,0.005001,0.005001,0.005001,0.005002,0.005002,0.482721,0.164407,0.005001,0.317864,0.005001
323b1da357d684165d22a7eef20932df,0.001852,0.001852,0.001852,0.001852,0.001852,0.001852,0.983332,0.001852,0.001852,0.001852
98fb7c0f67e5a6a64291585e3c84cf54,0.003125,0.003125,0.003125,0.971874,0.003125,0.003125,0.003125,0.003125,0.003125,0.003125
5f3bc444097e9a59a46cb49dfe897037,0.306249,0.001250,0.001251,0.060539,0.001251,0.064146,0.445728,0.001251,0.001250,0.117087
f4bf11f1977ad38d34b8b8f6091f82a0,0.003705,0.668042,0.003704,0.003705,0.003705,0.003704,0.302322,0.003705,0.003704,0.003704
6f2ccb53a926d5d4e155084e899102d1,0.005264,0.005263,0.005264,0.005264,0.479742,0.390527,0.005264,0.005264,0.005263,0.092885
84dde062a360c52b9c6dac6510a6a041,0.134532,0.002381,0.300907,0.002381,0.002382,0.039938,0.002382,0.100617,0.002382,0.412098
2a4ab2714076aedea190aba9424e8521,0.003125,0.003125,0.003125,0.971874,0.003125,0.003125,0.003125,0.003125,0.003125,0.003125
b8115d6a5992142f6cccd236f07c303d,0.003572,0.003572,0.003572,0.967855,0.003572,0.003572,0.003572,0.003572,0.003572,0.003572
1331562ab8c973e8d1fcd795a92ef188,0.002174,0.002174,0.002175,0.002174,0.002174,0.002174,0.728145,0.002174,0.002174,0.254460
408baedb6e5ea3f1236574fdaaaa9186,0.008335,0.608655,0.008335,0.008334,0.008334,0.008337,0.008335,0.324663,0.008336,0.008335
933b366649a8552bd2fe183050348ffc,0.001137,0.052762,0.001137,0.001136,0.001137,0.001137,0.001137,0.938144,0.001137,0.001137
3e9ff2c8b906f9bbf92722bf7773dfb9,0.002942,0.002941,0.002942,0.002942,0.002942,0.002942,0.002942,0.002942,0.550749,0.425716
4ed3149286665ddd94ec84cced978066,0.070027,0.002381,0.053132,0.002381,0.134101,0.002382,0.060258,0.497639,0.002381,0.175318
aa8dfb9f36d01cd00d148d5249feb9d1,0.003572,0.003572,0.003572,0.967856,0.003572,0.003572,0.003572,0.003572,0.003572,0.003572
b686e667e573b3d621261df6b3489295,0.001852,0.001852,0.001852,0.001852,0.001852,0.001852,0.983332,0.001852,0.001852,0.001852
1e3d1b88068e5d397f72bfe9b5af7c5c,0.003572,0.003572,0.003572,0.884109,0.003572,0.003572,0.003572,0.003572,0.003572,0.087318
862c544c2c69e518bbc4ff5fcc63b0c8,0.003704,0.003704,0.003704,0.966665,0.003704,0.003704,0.003704,0.003704,0.003704,0.003704
fbf46637d8dd855004d3bd895b83a9dd,0.001923,0.001923,0.001923,0.001923,0.001923,0.001923,0.982691,0.001923,0.001923,0.001923
deb824b6d146da6ee3ceb3c303cba319,0.025002,0.025001,0.025003,0.025003,0.774983,0.025000,0.025002,0.025003,0.025001,0.025001
9e1700b2c2837c2cfa682d2c435d466a,0.001961,0.001961,0.001961,0.001961,0.001961,0.001961,0.421079,0.001961,0.001961,0.563232
3608ddab815e283f0a1ee6089600347d,0.755793,0.004167,0.004168,0.004168,0.004168,0.004167,0.004168,0.139418,0.004168,0.075616
bc87c83baf30c3d6a948395159dec435,0.004001,0.004001,0.811407,0.004000,0.004000,0.004000,0.004000,0.004001,0.004000,0.156588
4c06a4a46b7a4619895b4fccebc7f310,0.717338,0.002778,0.002779,0.002778,0.260434,0.002778,0.002779,0.002779,0.002779,0.002778
3ebc1d5321b41667853e50c88de5ddb9,0.003125,0.003125,0.003125,0.971874,0.003125,0.003125,0.003125,0.003125,0.003125,0.003125
b224f5a0881a8de99782d2afc21800bd,0.004000,0.963997,0.004000,0.004000,0.004000,0.004000,0.004000,0.004000,0.004000,0.004000
6a2e4ea35c2ce05d4dc8fd9ec94944cd,0.003572,0.003572,0.003572,0.967856,0.003572,0.003572,0.003572,0.003572,0.003572,0.003572
d13cfb1480ff10aad4c014e01bd02066,0.002858,0.002858,0.002858,0.002858,0.002858,0.002857,0.002858,0.974280,0.002858,0.002857
fa4004befc31186d0ad9d8d5577fdaf9,0.002174,0.002174,0.002174,0.345742,0.002174,0.002174,0.636865,0.002174,0.002174,0.002174
9609c695cd3e74aa28de1a1c5a9e5cc3,0.003030,0.003030,0.003030,0.972726,0.003030,0.003030,0.003031,0.003030,0.003030,0.003031
9525c3136e63ae5a5c0dcfc41cf41b25,0.044309,0.003572,0.003572,0.927118,0.003572,0.003572,0.003572,0.003572,0.003572,0.003572
3dbc72d5ed4394332e67e4d261a9c10b,0.005883,0.005884,0.005884,0.005884,0.005883,0.005883,0.005883,0.005883,0.947049,0.005883
17d53ad8f058beadd614bc23d35763f8,0.007143,0.007143,0.007143,0.007145,0.935706,0.007143,0.007145,0.007144,0.007143,0.007143
5de41ec4664dcba99ae7dfb86e87fe82,0.050000,0.050000,0.050000,0.050000,0.050000,0.050000,0.050000,0.050000,0.550000,0.050000
8cae4823b90b5b2fcab22059ce556df8,0.279934,0.000513,0.070298,0.058480,0.083040,0.000513,0.047990,0.367683,0.050004,0.041545
0a98247097cb7e2e1b40d387cce8cfa7,0.001191,0.001191,0.001191,0.001191,0.989284,0.001191,0.001191,0.001191,0.001191,0.001191
ff862872609f16ed2d82bbb3ed5eea28,0.003572,0.003572,0.003572,0.967856,0.003572,0.003572,0.003572,0.003572,0.003572,0.003572
1400f02e5be2e769efcd7125bc4b370c,0.020000,0.819999,0.020000,0.020000,0.020000,0.020000,0.020000,0.020000,0.020000,0.020000
1fa1029675ba3cbab101d2cc611c0278,0.033333,0.366686,0.366643,0.033337,0.033333,0.033333,0.033333,0.033333,0.033333,0.033333
d4563b91f5ad33fe1ef75d1f9e9f530c,0.016682,0.016672,0.016675,0.268155,0.016671,0.016679,0.016676,0.016676,0.598442,0.016673
eb0c39508cc4bdab5a932f9562325565,0.003572,0.003572,0.003572,0.926813,0.003572,0.003572,0.003572,0.044613,0.003572,0.003572
b834e0d0e3f1c09e36cd565e7694d4dc,0.002041,0.002041,0.002041,0.002041,0.002041,0.002041,0.002041,0.002041,0.002041,0.981631
693d092a5f7b8844e5e9b30fbc7a4d43,0.003572,0.003572,0.003572,0.967856,0.003572,0.003572,0.003572,0.003572,0.003572,0.003572
49e2adf3b4467b2a001201a6198be659,0.006251,0.943745,0.006250,0.006250,0.006251,0.006250,0.006251,0.006251,0.006251,0.006250
233be0dc56fa9fdcb58a0e5ab6bdec2a,0.003030,0.003030,0.003030,0.972726,0.003030,0.003031,0.003031,0.003030,0.003030,0.003030
b8f3013215ec0060ca70507c21b9a622,0.003572,0.003572,0.003572,0.967856,0.003572,0.003572,0.003572,0.003572,0.003572,0.003572
7d7a68d4fc66489a0b3e72da0b0e133c,0.003031,0.003031,0.003030,0.972726,0.003030,0.003030,0.003030,0.003030,0.003030,0.003030
265641685b53da22da41f57be3d28f09,0.002042,0.002041,0.002041,0.002041,0.002042,0.002041,0.002041,0.002042,0.002041,0.981629
931328e4f25a47e1bcc2f0e8160b05d5,0.040353,0.003226,0.003226,0.933840,0.003226,0.003226,0.003226,0.003226,0.003226,0.003226
d850438ac00f8d0169adc529413fbd4c,0.020001,0.224291,0.020000,0.020000,0.020000,0.020000,0.020001,0.020000,0.615706,0.020000
da14490decee1ee09a18e302971aefa0,0.003125,0.003125,0.003125,0.971872,0.003125,0.003125,0.003125,0.003125,0.003126,0.003125
dbc352f4a4fe08e3c4ee7ec3848950c5,0.004546,0.004546,0.959088,0.004546,0.004546,0.004546,0.004546,0.004546,0.004546,0.004546
9b97777eb118ef543871c87475ebce2a,0.003125,0.003125,0.003125,0.971874,0.003125,0.003125,0.003125,0.003125,0.003125,0.003125
17061b3b9bef0fa97291db867eeac0c5,0.001887,0.001887,0.001887,0.001887,0.001887,0.001887,0.001887,0.001887,0.983016,0.001887
d7f0c31ba1bb3716162880b98a773c1c,0.670639,0.010003,0.010000,0.010003,0.010003,0.010000,0.010002,0.010003,0.010004,0.249342
0e5e173f4e880fe38e0a2cab682c67cc,0.003125,0.003125,0.003125,0.971874,0.003125,0.003125,0.003125,0.003125,0.003125,0.003125
d96cc10c011424edee40e905f9420289,0.979998,0.002222,0.002222,0.002222,0.002222,0.002222,0.002223,0.002222,0.002223,0.002223
1e7b329fbbb483c7bb26edff1d96bef8,0.003572,0.003572,0.003572,0.882673,0.003572,0.003572,0.003572,0.088754,0.003572,0.003572
f69057359385484f5e9832e80dc20fb2,0.003125,0.003125,0.003125,0.971874,0.003125,0.003125,0.003125,0.003125,0.003125,0.003125
b2cb075997149da9bb806416e48c04d8,0.003572,0.003572,0.003572,0.967856,0.003572,0.003572,0.003572,0.003572,0.003572,0.003572
6506b7f79d6a94984d953590a6ea9043,0.087764,0.003572,0.003572,0.883662,0.003572,0.003572,0.003572,0.003572,0.003572,0.003572
af3a6c3decb4abead2cf7353383213a2,0.001887,0.001887,0.001887,0.001887,0.001887,0.001887,0.001887,0.001887,0.983016,0.001887
c2ce3b3024507ec67e4eabba652df8ac,0.432615,0.003334,0.540713,0.003334,0.003334,0.003334,0.003334,0.003334,0.003334,0.003334
02b77306347464e96e1ea4c46898baec,0.003226,0.003226,0.003226,0.003226,0.003226,0.927816,0.003226,0.003226,0.003226,0.046376
d7fe0d8ed9a8d8ad3bf908ac87069307,0.002175,0.002174,0.786882,0.195722,0.002175,0.002174,0.002175,0.002174,0.002175,0.002174
c5aacc9673b21783894ef0cbce5258b2,0.003704,0.003704,0.003704,0.925633,0.003704,0.044736,0.003704,0.003704,0.003704,0.003704
87fa65deb405ea759830df1fc3f8589d,0.207676,0.002084,0.637007,0.002083,0.002084,0.002083,0.002084,0.140731,0.002084,0.002084
18cf1967ff91e0bb25b2b04f444cf53a,0.039899,0.002942,0.002942,0.936568,0.002942,0.002941,0.002941,0.002942,0.002942,0.002941
e3034e2f0e015b74e24375fdf04bee3b,0.050000,0.050000,0.050000,0.050000,0.050000,0.050000,0.050000,0.050000,0.550000,0.050000
b5f720d165a636f3f7701b92a59b6f8f,0.300907,0.003031,0.269053,0.068718,0.003031,0.003030,0.003031,0.285707,0.060461,0.003031
208da1be74284616369d66f495291ce5,0.740813,0.003226,0.003227,0.003227,0.003226,0.003226,0.003226,0.233376,0.003226,0.003226
a36c6a669ed96e5dc695aa36239af15b,0.329043,0.002326,0.002326,0.002326,0.002326,0.652349,0.002326,0.002326,0.002326,0.002326
32a9a473a59490ec945bfb27668a12be,0.243259,0.020000,0.020000,0.020000,0.020000,0.020000,0.020001,0.020000,0.596738,0.020000
99be7139b7ae58a95f8d3915d15555e5,0.002941,0.002941,0.002941,0.941303,0.002941,0.002941,0.002941,0.002941,0.035166,0.002941
ea7392b633c5769b8b5b2966161b6957,0.003125,0.003125,0.003125,0.971874,0.003125,0.003125,0.003125,0.003125,0.003125,0.003125
1f28bd94ccefd9c872159c206ff15045,0.003125,0.003125,0.003125,0.971874,0.003125,0.003125,0.003125,0.003125,0.003125,0.003125
1ad1e560a85bf47c822f3e4d46f4a2a8,0.020004,0.020004,0.020005,0.020000,0.819970,0.020003,0.020004,0.020004,0.020001,0.020003
2819ff549c44ad799c9ad90afb42d5a4,0.486383,0.006667,0.006670,0.006667,0.006669,0.006667,0.006667,0.006668,0.006667,0.460275
22d5c920c5c7b4d8997cc3b4c84da670,0.003572,0.003572,0.003572,0.967856,0.003572,0.003572,0.003572,0.003572,0.003572,0.003572
e55e10009da98cb05da9c8d3f739f59e,0.003449,0.003448,0.003449,0.968962,0.003449,0.003448,0.003450,0.003449,0.003448,0.003449
dd3e77e2ee58456629f5f1ee5033b8da,0.050000,0.050000,0.050000,0.050000,0.050000,0.050000,0.050000,0.050000,0.550000,0.050000
70a427a16c40c3e57182213f480bb684,0.012504,0.012502,0.012501,0.012501,0.012501,0.595009,0.012501,0.304980,0.012501,0.012501
78c95082bd98a7fb2989083844ccf558,0.003449,0.968959,0.003449,0.003449,0.003449,0.003449,0.003449,0.003449,0.003449,0.003449
afdb849a15be0560bfacd55e23b4e97b,0.025002,0.025001,0.025003,0.025003,0.774983,0.025000,0.025002,0.025003,0.025001,0.025001
62afb2e15426db6baebd8e03b61b5493,0.020004,0.020001,0.450043,0.020006,0.020003,0.020003,0.389929,0.020006,0.020002,0.020004
4dd9dfcf234df8d377257746de0f0849,0.002703,0.778890,0.160289,0.002703,0.002703,0.002703,0.041900,0.002703,0.002703,0.002703
d23da4675a770b974f34040ba23c010a,0.768495,0.000614,0.104734,0.000614,0.000614,0.000614,0.086401,0.000614,0.036688,0.000614
88344927d74369094e17d9a4fda80917,0.002942,0.002942,0.002942,0.002941,0.002942,0.002942,0.973524,0.002942,0.002942,0.002941
dc9d758f2452bc0e21733e68b6b91d34,0.020000,0.020000,0.020001,0.020001,0.020001,0.220001,0.219999,0.419995,0.020002,0.020000
af966f793da38a3961249793c25e7f2a,0.050000,0.050000,0.050000,0.050000,0.050000,0.050000,0.050000,0.050000,0.550000,0.050000
ec4caa02f0ec1b07d82632745cfeeb68,0.003572,0.003572,0.003572,0.928403,0.003572,0.043024,0.003572,0.003572,0.003572,0.003572
af14770d421f3407900b358f80ebf377,0.004546,0.004546,0.004546,0.004546,0.959085,0.004546,0.004547,0.004546,0.004546,0.004546
a56f0d3f9fc9d21dba08f783a78ef078,0.139069,0.001409,0.148608,0.074018,0.001409,0.120513,0.001409,0.510748,0.001409,0.001409
a77ae1df37c7564271fbdecdf850bf65,0.549989,0.050000,0.050004,0.050000,0.050003,0.050002,0.050000,0.050002,0.050000,0.050000
a39a67c6888a2ed6dbb7e2f79055c267,0.974996,0.002778,0.002778,0.002778,0.002778,0.002779,0.002778,0.002778,0.002778,0.002778
24b2fe753175b753e0e0426098756a9c,0.009092,0.009091,0.252303,0.009092,0.009094,0.178388,0.009091,0.009093,0.505664,0.009092
b94c35a268cb8e84365ff61b2d87209c,0.578692,0.001449,0.001450,0.030709,0.001450,0.001449,0.001450,0.001450,0.001450,0.380452
f4fe1164f42fd92027ee0e9816dca3b2,0.003448,0.003448,0.003448,0.890111,0.003448,0.082301,0.003448,0.003449,0.003448,0.003448
a7bd5a19d9bc967d1c41bf38900c4081,0.003125,0.003125,0.003125,0.971874,0.003125,0.003125,0.003125,0.003125,0.003125,0.003125
ce632c2b6a1dfc32c4c6c331ffe813a2,0.135808,0.047000,0.002041,0.002041,0.002041,0.064080,0.002041,0.740863,0.002042,0.002041
dbb8744d9529880ae937600da5652d74,0.007143,0.007143,0.007143,0.007144,0.007143,0.007143,0.007144,0.007143,0.935709,0.007143
ab6e1ce0196f223df8de9bcc2eac6cfb,0.002632,0.002632,0.002632,0.002632,0.309459,0.002633,0.002632,0.633498,0.038618,0.002632
79be3d12b83e5eabbbb5fb5c1abe6a4a,0.086446,0.856506,0.002703,0.002703,0.002703,0.002703,0.002703,0.038126,0.002704,0.002703
1fb9d8458a2db0215ef3e68ac2192dd2,0.050000,0.050000,0.050002,0.050000,0.050000,0.549998,0.050000,0.050000,0.050000,0.050000
79596804dbc9e1b539eb851af5abca13,0.979998,0.002222,0.002222,0.002222,0.002222,0.002222,0.002223,0.002222,0.002223,0.002223
e67421080ba62ff8aadd106fc0989351,0.004546,0.004546,0.959088,0.004546,0.004546,0.004546,0.004546,0.004546,0.004546,0.004546
3e9f543a26ae910432db12be98b4d76d,0.008335,0.008335,0.008335,0.008334,0.008338,0.008335,0.251584,0.681735,0.008335,0.008334
024fb696a7264cefa5410da78d927c91,0.050000,0.050000,0.050000,0.050000,0.050000,0.050000,0.050000,0.050000,0.550000,0.050000
5caecbbacf36ffa23d31741074511fc5,0.003125,0.003125,0.003125,0.971872,0.003125,0.003126,0.003125,0.003125,0.003125,0.003125
47ae4e89985d622d9872c49f4156c2c4,0.020004,0.020000,0.020001,0.020002,0.020002,0.020001,0.020001,0.819987,0.020001,0.020001
d4c09c8c329c8757a76bc42f579e4a16,0.093924,0.003226,0.003227,0.003226,0.091663,0.145856,0.003226,0.649200,0.003226,0.003227
2cd03ff21581a25a20b8ee3788816001,0.979998,0.002222,0.002222,0.002222,0.002222,0.002222,0.002223,0.002223,0.002223,0.002223
546c77e81428388a6585ad987878c5e2,0.996326,0.000408,0.000408,0.000408,0.000408,0.000408,0.000408,0.000408,0.000408,0.000408
704a70cdd9fbdec53b6e260a5b641e82,0.009092,0.009091,0.009092,0.009094,0.009092,0.009092,0.009092,0.816056,0.111207,0.009091
d6516282c2dfc6280c642901fb972939,0.710007,0.003125,0.003125,0.003125,0.003125,0.264988,0.003126,0.003126,0.003126,0.003125
07bb5100a195287296a7b81d0d865280,0.004001,0.004001,0.336142,0.004000,0.004001,0.004000,0.004001,0.631852,0.004000,0.004001
